image_00000 229 267 242 291
image_00001 228 265 243 290
image_00002 227 265 244 290
image_00003 229 266 244 291
image_00004 228 263 247 295
image_00005 228 260 245 292
image_00006 227 258 247 295
image_00007 228 259 248 296
image_00008 225 257 247 292
image_00009 227 258 247 293
image_00010 224 256 247 293
image_00011 224 258 248 296
image_00012 224 258 247 296
image_00013 224 236 248 298
image_00014 224 233 252 299
image_00015 223 233 252 300
image_00016 227 236 253 300
image_00017 227 241 258 294
image_00018 223 241 260 299
image_00019 223 244 260 301
image_00020 222 243 261 301
image_00021 224 244 262 302
image_00022 223 247 262 303
image_00023 222 244 265 301
image_00024 222 243 262 300
image_00025 221 240 262 301
image_00026 225 243 265 301
image_00027 224 244 264 301
image_00028 223 244 262 302
image_00029 223 246 264 301
image_00030 239 243 263 303
image_00031 239 246 262 302
image_00032 241 245 264 302
image_00033 241 246 262 303
image_00034 242 244 263 304
image_00035 245 244 263 303
image_00036 241 244 262 307
image_00037 240 230 265 304
image_00038 244 230 264 304
image_00039 244 230 265 304
image_00040 244 231 266 305
image_00041 245 234 269 300
image_00042 240 231 267 302
image_00043 240 229 268 305
image_00044 243 235 269 304
image_00045 244 237 266 302
image_00046 240 232 268 305
image_00047 246 237 269 269
image_00048 248 237 267 269
image_00049 249 236 268 269
image_00050 250 236 267 268
image_00051 255 239 268 264
image_00052 254 238 268 264
image_00053 254 238 268 264
image_00054 256 240 268 260
image_00055 255 242 267 260
image_00056 258 242 266 258
image_00057 257 242 268 260
image_00058 257 241 265 256
image_00059 257 240 266 257
image_00060 257 240 265 257
image_00061 256 239 267 258
image_00062 256 237 266 256
image_00063 257 240 266 257
